[
"FPU-8, 330 gal fuel tank			",
"AIM-7 LAU-115C                     ",
"AIM-120 on LAU-115C & -127         ",
"AGM-65 Maverick on LAU-117         ",
"AGM-84D Harpoon                    ",
"AGM-84E SLAM ER                    ",
"AGM-88 HARM on LAU-118             ",
"AGM-154 JSOW                       ",
"AN/AWW-13 Data Link Pod            ",
"CBU-78/-99/-100 & Mk-20 CBU        ",
"CNU-188 Baggage Pod                ",
"GBU-12 (Mk-82) LGB                 ",
"GBU-16 (Mk-83 LGB)                 ",
"GBU-31(v)2 (Mk-84 JDAM)            ",
"GBU-31(v)4 (BLU-109 JDAM)          ",
"Mk-77 Fire Bomb                    ",
"Mk-82, BDU-45 or BLU-111           ",
"Mk-83 or BLU-110                   ",
"Mk-84 PYLON                        ",
"PDU-5                              ",
"BRU-33/A VER or BRU-33A/A CVER     ",
"CBU-78/99/100 & Mk-20 on CVER      ",
"Mk-77 Fire Bombs on CVER           ",
"Mk-82, BDU-45 or BLU-111 on CVER   "
]

{
"AIM-7 LAU-115C/A						": (0.0, 0.0, 0.0, 0.0, 0.0, 0.0, 0.0, 0.0, 0.0, 0.0, 0.0, 0.0, 0.0, 0.0, 0.0, 0.0, 0.0, 0.0, 0.0, 0.0, 0.0, 0.0, 0.0, 0.0 ),
"AIM-9 on LAU-115C & -127				": (3.8, 0.0, 5.4, 0.0, 4.2, 4.2, 0.0, 2.8, 0.0, 0.0, 2.9, 0.0, 0.0, 0.0, 0.0, 0.0, 0.0, 0.0, 0.0, 0.0, 0.0, 6.9, 10.6, 5.9),
"AIM-120 on LAU-115C & -127				": (4.1, 0.0, 5.7, 0.0, 4.5, 4.5, 0.0, 3.1, 0.0, 0.0, 3.2, 0.0, 0.0, 0.0, 0.0, 0.0, 0.0, 0.0, 0.0, 0.0, 0.0, 7.2, 10.9, 6.2),
"AGM-65 Maverick on LAU-117				": (0.0, 0.0, 0.0, 0.0, 0.0, 0.0, 0.0, 0.0, 0.0, 0.0, 0.0, 0.0, 0.0, 0.0, 0.0, 0.0, 0.0, 0.0, 0.0, 0.0, 0.0, 0.0, 0.0, 0.0 ),
"AGM-84D Harpoon						": (3.0, 0.0, 4.5, 0.0, 3.4, 3.4, 0.0, 2.0, 0.0, 0.0, 2.1, 0.0, 0.0, 0.0, 0.0, 0.0, 0.0, 0.0, 0.0, 0.0, 0.0, 6.1, 9.8, 5.1 ),
"AGM-84 SLAM							": (3.0, 0.0, 4.5, 0.0, 3.4, 3.4, 0.0, 2.0, 0.0, 0.0, 2.1, 0.0, 0.0, 0.0, 0.0, 0.0, 0.0, 0.0, 0.0, 0.0, 0.0, 6.1, 9.8, 5.1 ),
"AGM-84 SLAM ER							": (3.0, 0.0, 4.5, 0.0, 3,4, 3.4, 0.0, 2.0, 0.0, 0.0, 2.1, 0.0, 0.0, 0.0, 0.0, 0.0, 0.0, 0.0, 0.0, 0.0, 0.0, 6.1, 9.8, 5.1 ),
"AGM-88 HARM							": (0.0, 0.0, 0.0, 0.0, 0.0, 0.0, 0.0, 0.0, 0.0, 0.0, 0.0, 0.0, 0.0, 0.0, 0.0, 0.0, 0.0, 0.0, 0.0, 0.0, 0.0, 0.0, 0.0, 0.0 ),
"AGM-154 JSOW							": (1.5, 0.0, 3.1, 0.0, 2.0, 2.0, 0.0, 0.5, 0.0, 0.0, 0.6, 0.0, 0.0, 0.0, 0.0, 0.0, 0.0, 0.0, 0.0, 0.0, 0.0, 4.6, 8.3, 3.6 ),
"AN/ALQ-167 ECM POD						": (0.0, 0.0, 0.0, 0.0, 0.0, 0.0, 0.0, 0.0, 0.0, 0.0, 0.0, 0.0, 0.0, 0.0, 0.0, 0.0, 0.0, 0.0, 0.0, 0.0, 0.0, 0.0, 0.0, 0.0 ),
"AN/AWW-13 Data Link POD				": (0.0, 0.0, 0.0, 0.0, 0.0, 0.0, 0.0, 0.0, 0.0, 0.0, 0.0, 0.0, 0.0, 0.0, 0.0, 0.0, 0.0, 0.0, 0.0, 0.0, 0.0, 0.0, 2.4, 0.0 ),
"CBU-78/-99/-100 & Mk-20 CBU			": (0.0, 0.0, 0.0, 0.0, 0.0, 0.0, 0.0, 0.0, 0.0, 0.0, 0.0, 0.0, 0.0, 0.0, 0.0, 0.0, 0.0, 0.0, 0.0, 0.0, 0.0, 0.0, 1.5, 0.0 ),
"CNU-188 Baggage Pod					": (1.6, 0.0, 3.2, 0.0, 2.1, 2.1, 0.0, 0.6, 0.0, 0.0, 0.7, 0.0, 0.0, 0.0, 0.0, 0.0, 0.0, 0.0, 0.0, 0.0, 0.0, 4.7, 8.4, 3.7 ),
"FPU-8, 330 gal fuel tank				": (2.5, 0.0, 4.1, 0.0, 3.0, 3.0, 0.0, 1.5, 0.0, 0.0, 1.6, 0.0, 0.0, 0.0, 0.0, 0.0, 0.0, 0.0, 0.0, 0.0, 0.0, 5.6, 9.3, 4.6 ),
"GBU-10 (Mk-84) LGB						": (0.0, 0.0, 0.0, 0.0, 0.0, 0.0, 0.0, 0.0, 0.0, 0.0, 0.0, 0.0, 0.0, 0.0, 0.0, 0.0, 0.0, 0.0, 0.0, 0.0, 0.0, 0.2, 3.9, 0.0 ),
"GBU-12 (Mk-82) LGB						": (0.0, 0.0, 0.0, 0.0, 0.0, 0.0, 0.0, 0.0, 0.0, 0.0, 0.0, 0.0, 0.0, 0.0, 0.0, 0.0, 0.0, 0.0, 0.0, 0.0, 0.0, 0.0, 0.0, 0.0 ),
"GBU-16 (Mk-83) LGB						": (0.0, 0.0, 0.0, 0.0, 0.0, 0.0, 0.0, 0.0, 0.0, 0.0, 0.0, 0.0, 0.0, 0.0, 0.0, 0.0, 0.0, 0.0, 0.0, 0.0, 0.0, 0.0, 0.0, 0.0 ),
"GBU-24 (BLU-109) LLLGB					": (0.0, 0.0, 0.0, 0.0, 0.0, 0.0, 0.0, 0.0, 0.0, 0.0, 0.0, 0.0, 0.0, 0.0, 0.0, 0.0, 0.0, 0.0, 0.0, 0.0, 0.0, 0.2, 3.9, 0.0 ),
"GBU-31(v)2 (Mk-84 JDAM)				": (0.0, 0.0, 0.0, 0.0, 0.0, 0.0, 0.0, 0.0, 0.0, 0.0, 0.0, 0.0, 0.0, 0.0, 0.0, 0.0, 0.0, 0.0, 0.0, 0.0, 0.0, 0.4, 4.1, 0.0 ),
"GBU-31(v)4 (BLU-109 JDAM)				": (0.0, 0.0, 0.0, 0.0, 0.0, 0.0, 0.0, 0.0, 0.0, 0.0, 0.0, 0.0, 0.0, 0.0, 0.0, 0.0, 0.0, 0.0, 0.0, 0.0, 0.0, 0.0, 2.9, 0.0 ),
"Mk-77 fire bomb						": (0.0, 0.0, 0.0, 0.0, 0.0, 0.0, 0.0, 0.0, 0.0, 0.0, 0.0, 0.0, 0.0, 0.0, 0.0, 0.0, 0.0, 0.0, 0.0, 0.0, 0.0, 0.5, 4.2, 0.0 ),
"Mk-82, BDU-45 or BLU-111				": (0.0, 0.0, 0.0, 0.0, 0.0, 0.0, 0.0, 0.0, 0.0, 0.0, 0.0, 0.0, 0.0, 0.0, 0.0, 0.0, 0.0, 0.0, 0.0, 0.0, 0.0, 0.0, 0.0, 0.0 ),
"Mk-83 or BLU-110						": (0.0, 0.0, 0.0, 0.0, 0.0, 0.0, 0.0, 0.0, 0.0, 0.0, 0.0, 0.0, 0.0, 0.0, 0.0, 0.0, 0.0, 0.0, 0.0, 0.0, 0.0, 0.0, 0.0, 0.0 ),
"Mk-84									": (0.0, 0.0, 0.0, 0.0, 0.0, 0.0, 0.0, 0.0, 0.0, 0.0, 0.0, 0.0, 0.0, 0.0, 0.0, 0.0, 0.0, 0.0, 0.0, 0.0, 0.0, 0.2, 3.9, 0.0 ),
"PDU-5									": (0.0, 0.0, 0.0, 0.0, 0.0, 0.0, 0.0, 0.0, 0.0, 0.0, 0.0, 0.0, 0.0, 0.0, 0.0, 0.0, 0.0, 0.0, 0.0, 0.0, 0.0, 0.0, 1.5, 0.0 ),
"BRU-33/A VER or BRU-33A/A CVER			": (0.0, 0.0, 0.0, 0.0, 0.0, 0.0, 0.0, 0.0, 0.0, 0.0, 0.0, 0.0, 0.0, 0.0, 0.0, 0.0, 0.0, 0.0, 0.0, 0.0, 0.0, 0.0, 0.0, 0.0 ),
"CBU-78/99/100 & Mk-20 on CVER			": (5.6, 0.0, 7.2, 0.0, 6.1, 6.1, 0.0, 4.6, 0.0, 0.0, 4.7, 0.0, 0.0, 0.4, 0.0, 0.5, 0.0, 0.0, 0.2, 0.0, 0.0, 5.6, 12.4, 5.3),
"LAU-10 5″ pods on CVER					": (6.3, 0.0, 7.9, 0.0, 6.8, 6.8, 0.0, 5.3, 0.0, 0.0, 5.4, 0.0, 0.0, 1.1, 0.0, 1.2, 0.0, 0.0, 0.9, 0.0, 0.0, 5.9, 13.1, 5.6),
"LAU-61 2.57″ pods on CVER				": (7.1, 0.0, 8.7, 0.0, 7.6, 7.6, 0.0, 6.1, 0.0, 0.0, 6.2, 0.0, 0.0, 1.9, 0.7, 2.0, 0.0, 0.0, 1.7, 0.0, 0.0, 7.2, 13.9, 6.9),
"LAU-68 2.75″ pods on CVER				": (3.7, 0.0, 5.3, 0.0, 4.2, 4.2, 0.0, 2.7, 0.0, 0.0, 2.8, 0.0, 0.0, 0.0, 0.0, 0.0, 0.0, 0.0, 0.0, 0.0, 0.0, 5.3, 10.5, 5.0),
"Mk-82, BDU-45 or BLU-111 on CVER		": (4.6, 0.0, 6.2, 0.0, 5.1, 5.1, 0.0, 3.6, 0.0, 0.0, 3.7, 0.0, 0.0, 0.0, 0.0, 0.0, 0.0, 0.0, 0.0, 0.0, 0.0, 5.3, 11.4, 5.1),
"Mk-83 or BLU-110 on CVER				": (5.3, 0.0, 6.9, 0.0, 5.8, 5.8, 0.0, 4.3, 0.0, 0.0, 4.4, 0.0, 0.0, 0.1, 0.0, 0.2, 0.0, 0.0, 0.0, 0.0, 0.0, 5.6, 12.1, 5.3),
"PDU-5 on CVER							": (5.6, 0.0, 7.2, 0.0, 6.1, 6.1, 0.0, 4.6, 0.0, 0.0, 4.7, 0.0, 0.0, 0.4, 0.0, 0.5, 0.0, 0.0, 0.2, 0.0, 0.0, 5.6, 12.4, 5.3),
"LAU-10 5″ pods on VER					": (4.0, 0.0, 5.6, 0.0, 4.5, 4.5, 0.0, 3.0, 0.0, 0.0, 3.1, 0.0, 0.0, 0.0, 0.0, 0.0, 0.0, 0.0, 0.0, 0.0, 0.0, 4.0, 10.8, 4.5),
"LAU-61 2.75″ pods on VER				": (4.7, 0.0, 6.3, 0.0, 5.2, 5.2, 0.0, 3.7, 0.0, 0.0, 3.8, 0.0, 0.0, 0.0, 0.0, 0.0, 0.0, 0.0, 0.0, 0.0, 0.0, 4.7, 11.5, 5.2),
"LAU-68 2.75″ pods on VER				": (1.7, 0.0, 3.3, 0.0, 2.2, 2.2, 0.0, 0.7, 0.0, 0.0, 0.8, 0.0, 0.0, 0.0, 0.0, 0.0, 0.0, 0.0, 0.0, 0.0, 0.0, 1.7, 8.5, 2.2 ),
"Mk-82, BDU-45 or BLU-111 on VER		": (2.2, 0.0, 3.8, 0.0, 2.7, 2.7, 0.0, 1.2, 0.0, 0.0, 1.3, 0.0, 0.0, 0.0, 0.0, 0.0, 0.0, 0.0, 0.0, 0.0, 0.0, 2.2, 9.0, 2.7 ),
"Mk-83 or BLU-110 on VER				": (3.9, 0.0, 5.5, 0.0, 4.4, 4.4, 0.0, 2.9, 0.0, 0.0, 3.0, 0.0, 0.0, 0.0, 0.0, 0.0, 0.0, 0.0, 0.0, 0.0, 0.0, 3.9, 10.7, 4.4),
"BRU-42 ITER							": (0.0, 0.0, 0.0, 0.0, 0.0, 0.0, 0.0, 0.0, 0.0, 0.0, 0.0, 0.0, 0.0, 0.0, 0.0, 0.0, 0.0, 0.0, 0.0, 0.0, 0.0, 0.0, 0.0, 0.0 ),
"ADM-141 TADL on ITER					": (4.2, 0.0, 5.8, 0.0, 4.7, 4.7, 0.0, 3.2, 0.0, 0.0, 3.3, 0.0, 0.0, 0.0, 0.0, 0.0, 0.0, 0.0, 0.0, 0.0, 0.0, 5.8, 11.0, 5.5),
"BRU-41 IMER							": (0.0, 0.0, 0.0, 0.0, 0.0, 0.0, 0.0, 0.0, 0.0, 0.0, 0.0, 0.0, 0.0, 0.0, 0.0, 0.0, 0.0, 0.0, 0.0, 0.0, 0.0, 0.0, 0.0, 0.0 ),
"BDU-33 or Mk-76 on IMER				": (0.0, 0.0, 0.0, 0.0, 0.0, 0.0, 0.0, 0.0, 0.0, 0.0, 0.0, 0.0, 0.0, 0.0, 0.0, 0.0, 0.0, 0.0, 0.0, 0.0, 0.0, 0.0, 2.8, 0.0 ),
"BDU-48 or Mk-106 IMER					": (0.0, 0.0, 0.0, 0.0, 0.0, 0.0, 0.0, 0.0, 0.0, 0.0, 0.0, 0.0, 0.0, 0.0, 0.0, 0.0, 0.0, 0.0, 0.0, 0.0, 0.0, 0.0, 2.7, 0.0 ),
"BDU-57, -59 & -60 LGTR on IMER			": (0.0, 0.0, 0.0, 0.0, 0.0, 0.0, 0.0, 0.0, 0.0, 0.0, 0.0, 0.0, 0.0, 0.0, 0.0, 0.0, 0.0, 0.0, 0.0, 0.0, 0.0, 0.0, 2.8, 0.0 ),
"LUU-2 on IMER							": (0.0, 0.0, 0.0, 0.0, 0.0, 0.0, 0.0, 0.0, 0.0, 0.0, 0.0, 0.0, 0.0, 0.0, 0.0, 0.0, 0.0, 0.0, 0.0, 0.0, 0.0, 0.0, 3.5, 0.0 ),
"Mk-58									": (0.0, 0.0, 0.0, 0.0, 0.0, 0.0, 0.0, 0.0, 0.0, 0.0, 0.0, 0.0, 0.0, 0.0, 0.0, 0.0, 0.0, 0.0, 0.0, 0.0, 0.0, 0.0, 3.4, 0.0 ),
"Mk-52 1,000 lb bottom mine				": (2.0, 0.0, 3.5, 0.0, 2.4, 2.4, 0.0, 1.1, 0.0, 0.0, 1.1, 0.0, 0.0, 0.0, 0.0, 0.0, 0.0, 0.0, 0.0, 0.0, 0.0, 5.2, 8.8, 4.2 ),
"Mk-55 2,000 lb bottom mine				": (4.4, 0.0, 5.9, 0.0, 4.8, 4.8, 0.0, 3.4, 0.0, 0.0, 3.5, 0.0, 0.0, 0.0, 0.0, 0.0, 0.0, 0.0, 0.0, 0.0, 0.0, 7.5, 11.2, 6.5),
"Mk-55 2,000 lb moored mine				": (4.4, 0.0, 5.9, 0.0, 4.8, 4.8, 0.0, 3.4, 0.0, 0.0, 3.5, 0.0, 0.0, 0.0, 0.0, 0.0, 0.0, 0.0, 0.0, 0.0, 0.0, 7.5, 11.2, 6.5),
"Mk-62 QS Mk-15 or BSU-86 fin			": (0.0, 0.0, 0.0, 0.0, 0.0, 0.0, 0.0, 0.0, 0.0, 0.0, 0.0, 0.0, 0.0, 0.0, 0.0, 0.0, 0.0, 0.0, 0.0, 0.0, 0.0, 0.0, 0.0, 0.0 ),
"Mk-62 QS Mk-16 fin						": (0.0, 0.0, 0.0, 0.0, 0.0, 0.0, 0.0, 0.0, 0.0, 0.0, 0.0, 0.0, 0.0, 0.0, 0.0, 0.0, 0.0, 0.0, 0.0, 0.0, 0.0, 0.0, 0.0, 0.0 ),
"Mk-63 QS MAU-91 fin					": (0.0, 0.0, 0.0, 0.0, 0.0, 0.0, 0.0, 0.0, 0.0, 0.0, 0.0, 0.0, 0.0, 0.0, 0.0, 0.0, 0.0, 0.0, 0.0, 0.0, 0.0, 0.0, 0.0, 0.0 ),
"Mk-63 QS Mk-12 fin						": (0.0, 0.0, 0.0, 0.0, 0.0, 0.0, 0.0, 0.0, 0.0, 0.0, 0.0, 0.0, 0.0, 0.0, 0.0, 0.0, 0.0, 0.0, 0.0, 0.0, 0.0, 0.0, 0.0, 0.0 ),
"Mk-65 QS 2,000 lb bottom mine			": (2.8, 0.0, 4.3, 0.0, 3.2, 3.2, 0.0, 1.8, 0.0, 0.0, 1.9, 0.0, 0.0, 0.0, 0.0, 0.0, 0.0, 0.0, 0.0, 0.0, 0.0, 5.9, 9.6, 4.9 ),
"Mk-62 QS Mk-15 or BSU-86 fin on CVER	": (4.6, 0.0, 6.2, 0.0, 5.1, 5.1, 0.0, 3.6, 0.0, 0.0, 3.7, 0.0, 0.0, 0.0, 0.0, 0.0, 0.0, 0.0, 0.0, 0.0, 0.0, 5.3, 11.4, 5.1),
"Mk-62 QS Mk-16 fin on CVER				": (4.6, 0.0, 6.2, 0.0, 5.1, 5.1, 0.0, 3.6, 0.0, 0.0, 3.7, 0.0, 0.0, 0.0, 0.0, 0.0, 0.0, 0.0, 0.0, 0.0, 0.0, 5.3, 11.4, 5.1),
"Mk-63 QS Mk-12 fin on CVER				": (5.3, 0.0, 6.9, 0.0, 5.8, 5.8, 0.0, 4.3, 0.0, 0.0, 4.4, 0.0, 0.0, 0.1, 0.0, 0.2, 0.0, 0.0, 0.0, 0.0, 0.0, 5.6, 12.1, 5.3),
"Mk-62 QS any fin on VER				": (2.2, 0.0, 3.8, 0.0, 2.7, 2.7, 0.0, 1.2, 0.0, 0.0, 1.3, 0.0, 0.0, 0.0, 0.0, 0.0, 0.0, 0.0, 0.0, 0.0, 0.0, 2.2, 9.0, 2.7 ),
"BDU-48 practice mine on IMER			": (0.0, 0.0, 0.0, 0.0, 0.0, 0.0, 0.0, 0.0, 0.0, 0.0, 0.0, 0.0, 0.0, 0.0, 0.0, 0.0, 0.0, 0.0, 0.0, 0.0, 0.0, 0.0, 2.7, 0.0 )
}

{
"AN/AAR-50 NAVFLIR (sta 6)				": (5.2, 0.0, 6.8, 0.0, 0.0, 0.0, 0.0, 4.2, 0.0, 0.0, 4.3, 0.0, 0.0, 0.0, 0.0, 0.1, 0.0, 0.0, 0.0, 0.0, 0.0, 8.5, 12.0, 7.3),
"AN/AAS-38 tgt FLIR (sta 4)             ": (0.4, 0.0, 2.0, 0.0, 0.0, 0.0, 0.0, 0.0, 0.0, 0.0, 0.0, 0.0, 0.0, 0.0, 0.0, 0.0, 0.0, 0.0, 0.0, 0.0, 0.0, 3.7, 7.2, 2.5 ),
"AN/ASQ-173 LDT/Cam (sta 6)             ": (4.2, 0.0, 5.8, 0.0, 0.0, 0.0, 0.0, 3.2, 0.0, 0.0, 3.3, 0.0, 0.0, 0.0, 0.0, 0.0, 0.0, 0.0, 0.0, 0.0, 0.0, 7.5, 11.0, 6.3)

[
"Mk-83 or BLU-110 on CVER				",
"LAU-10 5″ pods on VER                  ",
"Mk-82, BDU-45 or BLU-111 on VER        ",
"Mk-83 or BLU-110 on VER                ",
"BRU-42 ITER                            ",
"ADM-141 TADL on ITER                   ",
"BRU-41 IMER                            ",
"BDU-33 or Mk-76 on IMER                ",
"BDU-46 or Mk-106 on IMER               ",
"BDU-57, -59 & -60 LGTR on IMER         ",
"Mk-52 1,000 lb bottom mine             ",
"Mk-55 2,000 lb bottom mine             ",
"Mk-56 2,000 lb moored mine             ",
"Mk-62 QS Mk-15 or BSU-86 fins          ",
"Mk-62 QS Mk-16 fin                     ",
"Mk-63 QS MAU-91 fin                    ",
"Mk-63 QS Mk-12 fin                     ",
"Mk-65 QS 2,000 lb bottom mine          ",
"BRU-33/A VER or BRU-33A/A CVER         ",
"Mk-62 QS Mk-15/BSU-86 fin on CVER      ",
"Mk-62 QS Mk-16 fin on CVER             ",
"Mk-62 QS any fin on VER                ",
"BRU-41 IMER                            ",
"BDU-48 as practice mine on IMER        "
]

{
"AIM-7 LAU-115C/A						": (0.0, 0.0, 0.0, 0.0, 0.0, 0.0, 0.0, 0.0, 0.0, 0.0, 0.0, 0.0, 0.0, 0.0, 0.0, 0.0, 0.0, 0.0, 0.0, 0.0, 0.0, 0.0, 0.0, 0.0),
"AIM-9 on LAU-115C & -127               ": (6.6, 5.3, 3.5, 5.2, 0.0, 5.5, 0.0, 0.0, 0.0, 0.0, 3.2, 5.6, 5.6, 0.0, 0.0, 0.0, 0.0, 4.0, 0.0, 5.9, 5.9, 3.5, 0.0, 0.0),
"AIM-120 on LAU-115C & -127             ": (6.9, 5.6, 3.8, 5.5, 0.0, 5.8, 0.0, 0.0, 0.0, 0.0, 3.5, 5.9, 5.9, 0.0, 0.0, 0.0, 0.0, 4.3, 0.0, 6.2, 6.2, 3.8, 0.0, 0.0),
"AGM-65 Maverick on LAU-117             ": (0.0, 0.0, 0.0, 0.0, 0.0, 0.0, 0.0, 0.0, 0.0, 0.0, 0.0, 0.0, 0.0, 0.0, 0.0, 0.0, 0.0, 0.0, 0.0, 0.0, 0.0, 0.0, 0.0, 0.0),
"AGM-84D Harpoon                        ": (5.8, 4.5, 2.7, 4.4, 0.0, 4.7, 0.0, 0.0, 0.0, 0.0, 2.4, 4.8, 4.8, 0.0, 0.0, 0.0, 0.0, 3.2, 0.0, 5.1, 5.1, 2.7, 0.0, 0.0),
"AGM-84 SLAM                            ": (5.8, 4.5, 2.7, 4.4, 0.0, 4.7, 0.0, 0.0, 0.0, 0.0, 2.4, 4.8, 4.8, 0.0, 0.0, 0.0, 0.0, 3.2, 0.0, 5.1, 5.1, 2.7, 0.0, 0.0),
"AGM-84 SLAM ER                         ": (5.8, 4.5, 2.7, 4.4, 0.0, 4.7, 0.0, 0.0, 0.0, 0.0, 2.4, 4.8, 4.8, 0.0, 0.0, 0.0, 0.0, 3.2, 0.0, 5.1, 5.1, 2.7, 0.0, 0.0),
"AGM-88 HARM                            ": (0.0, 0.0, 0.0, 0.0, 0.0, 0.0, 0.0, 0.0, 0.0, 0.0, 0.0, 0.0, 0.0, 0.0, 0.0, 0.0, 0.0, 0.0, 0.0, 0.0, 0.0, 0.0, 0.0, 0.0),
"AGM-154 JSOW                           ": (4.3, 3.0, 1.2, 2.9, 0.0, 3.2, 0.0, 0.0, 0.0, 0.0, 1.1, 3.4, 3.4, 0.0, 0.0, 0.0, 0.0, 1.8, 0.0, 3.6, 3.6, 1.2, 0.0, 0.0),
"AN/ALQ-167 ECM POD                     ": (0.0, 0.0, 0.0, 0.0, 0.0, 0.0, 0.0, 0.0, 0.0, 0.0, 0.0, 0.0, 0.0, 0.0, 0.0, 0.0, 0.0, 0.0, 0.0, 0.0, 0.0, 0.0, 0.0, 0.0),
"AN/AWW-13 Data Link POD                ": (0.0, 0.0, 0.0, 0.0, 0.0, 0.0, 0.0, 0.0, 0.0, 0.0, 0.0, 0.0, 0.0, 0.0, 0.0, 0.0, 0.0, 0.0, 0.0, 0.0, 0.0, 0.0, 0.0, 0.0),
"CBU-78/-99/-100 & Mk-20 CBU            ": (0.0, 0.0, 0.0, 0.0, 0.0, 0.0, 0.0, 0.0, 0.0, 0.0, 0.0, 0.0, 0.0, 0.0, 0.0, 0.0, 0.0, 0.0, 0.0, 0.0, 0.0, 0.0, 0.0, 0.0),
"CNU-188 Baggage Pod                    ": (4.4, 3.1, 1.3, 3.0, 0.0, 3.3, 0.0, 0.0, 0.0, 0.0, 1.1, 3.5, 3.5, 0.0, 0.0, 0.0, 0.0, 1.9, 0.0, 3.7, 3.7, 1.3, 0.0, 0.0),
"FPU-8, 330 gal fuel tank               ": (5.3, 4.0, 2.2, 3.9, 0.0, 4.2, 0.0, 0.0, 0.0, 0.0, 2.0, 4.4, 4.4, 0.0, 0.0, 0.0, 0.0, 2.8, 0.0, 4.6, 4.6, 2.2, 0.0, 0.0),
"GBU-10 (Mk-84) LGB                     ": (0.0, 0.0, 0.0, 0.0, 0.0, 0.0, 0.0, 0.0, 0.0, 0.0, 0.0, 0.0, 0.0, 0.0, 0.0, 0.0, 0.0, 0.0, 0.0, 0.0, 0.0, 0.0, 0.0, 0.0),
"GBU-12 (Mk-82) LGB                     ": (0.0, 0.0, 0.0, 0.0, 0.0, 0.0, 0.0, 0.0, 0.0, 0.0, 0.0, 0.0, 0.0, 0.0, 0.0, 0.0, 0.0, 0.0, 0.0, 0.0, 0.0, 0.0, 0.0, 0.0),
"GBU-16 (Mk-83) LGB                     ": (0.0, 0.0, 0.0, 0.0, 0.0, 0.0, 0.0, 0.0, 0.0, 0.0, 0.0, 0.0, 0.0, 0.0, 0.0, 0.0, 0.0, 0.0, 0.0, 0.0, 0.0, 0.0, 0.0, 0.0),
"GBU-24 (BLU-109) LLLGB                 ": (0.0, 0.0, 0.0, 0.0, 0.0, 0.0, 0.0, 0.0, 0.0, 0.0, 0.0, 0.0, 0.0, 0.0, 0.0, 0.0, 0.0, 0.0, 0.0, 0.0, 0.0, 0.0, 0.0, 0.0),
"GBU-31(v)2 (Mk-84 JDAM)                ": (0.1, 0.0, 0.0, 0.0, 0.0, 0.0, 0.0, 0.0, 0.0, 0.0, 0.0, 0.0, 0.0, 0.0, 0.0, 0.0, 0.0, 0.0, 0.0, 0.0, 0.0, 0.0, 0.0, 0.0),
"GBU-31(v)4 (BLU-109 JDAM)              ": (0.0, 0.0, 0.0, 0.0, 0.0, 0.0, 0.0, 0.0, 0.0, 0.0, 0.0, 0.0, 0.0, 0.0, 0.0, 0.0, 0.0, 0.0, 0.0, 0.0, 0.0, 0.0, 0.0, 0.0),
"Mk-77 fire bomb                        ": (0.2, 0.0, 0.0, 0.0, 0.0, 0.0, 0.0, 0.0, 0.0, 0.0, 0.0, 0.0, 0.0, 0.0, 0.0, 0.0, 0.0, 0.0, 0.0, 0.0, 0.0, 0.0, 0.0, 0.0),
"Mk-82, BDU-45 or BLU-111               ": (0.0, 0.0, 0.0, 0.0, 0.0, 0.0, 0.0, 0.0, 0.0, 0.0, 0.0, 0.0, 0.0, 0.0, 0.0, 0.0, 0.0, 0.0, 0.0, 0.0, 0.0, 0.0, 0.0, 0.0),
"Mk-83 or BLU-110                       ": (0.0, 0.0, 0.0, 0.0, 0.0, 0.0, 0.0, 0.0, 0.0, 0.0, 0.0, 0.0, 0.0, 0.0, 0.0, 0.0, 0.0, 0.0, 0.0, 0.0, 0.0, 0.0, 0.0, 0.0),
"Mk-84                                  ": (0.0, 0.0, 0.0, 0.0, 0.0, 0.0, 0.0, 0.0, 0.0, 0.0, 0.0, 0.0, 0.0, 0.0, 0.0, 0.0, 0.0, 0.0, 0.0, 0.0, 0.0, 0.0, 0.0, 0.0),
"PDU-5                                  ": (0.0, 0.0, 0.0, 0.0, 0.0, 0.0, 0.0, 0.0, 0.0, 0.0, 0.0, 0.0, 0.0, 0.0, 0.0, 0.0, 0.0, 0.0, 0.0, 0.0, 0.0, 0.0, 0.0, 0.0),
"BRU-33/A VER or BRU-33A/A CVER         ": (0.0, 0.0, 0.0, 0.0, 0.0, 0.0, 0.0, 0.0, 0.0, 0.0, 0.0, 0.0, 0.0, 0.0, 0.0, 0.0, 0.0, 0.0, 0.0, 0.0, 0.0, 0.0, 0.0, 0.0),
"CBU-78/99/100 & Mk-20 on CVER          ": (5.6, 4.0, 2.2, 3.9, 0.0, 5.8, 0.0, 0.0, 0.0, 0.0, 5.2, 7.5, 7.5, 0.0, 0.0, 0.0, 0.0, 5.9, 0.0, 5.3, 5.3, 2.2, 0.0, 0.0),
"LAU-10 5″ pods on CVER                 ": (5.9, 4.0, 2.2, 3.9, 0.0, 6.1, 0.0, 0.0, 0.0, 0.0, 5.9, 8.2, 8.2, 0.0, 0.0, 0.0, 0.0, 6.6, 0.0, 5.6, 5.6, 2.2, 0.0, 0.0),
"LAU-61 2.57″ pods on CVER              ": (7.2, 5.8, 4.0, 5.7, 0.0, 7.4, 0.0, 0.6, 0.5, 0.6, 6.7, 9.0, 9.0, 0.0, 0.0, 0.0, 0.0, 7.4, 0.0, 6.9, 6.9, 4.0, 0.0, 0.0),
"LAU-68 2.75″ pods on CVER              ": (5.3, 5.3, 3.5, 5.2, 0.0, 5.5, 0.0, 0.0, 0.0, 0.0, 3.3, 5.6, 5.6, 0.0, 0.0, 0.0, 0.0, 4.0, 0.0, 5.0, 5.0, 3.5, 0.0, 0.0),
"Mk-82, BDU-45 or BLU-111 on CVER       ": (5.3, 4.5, 2.7, 4.4, 0.0, 5.5, 0.0, 0.0, 0.0, 0.0, 4.2, 6.5, 6.5, 0.0, 0.0, 0.0, 0.0, 4.9, 0.0, 5.1, 5.1, 2.7, 0.0, 0.0),
"Mk-83 or BLU-110 on CVER               ": (5.7, 4.8, 3.0, 4.7, 0.0, 5.8, 0.0, 0.0, 0.0, 0.0, 4.9, 7.2, 7.2, 0.0, 0.0, 0.0, 0.0, 5.6, 0.0, 5.3, 5.3, 3.0, 0.0, 0.0),
"PDU-5 on CVER                          ": (5.6, 4.0, 2.2, 3.9, 0.0, 5.8, 0.0, 0.0, 0.0, 0.0, 5.2, 7.5, 7.5, 0.0, 0.0, 0.0, 0.0, 5.9, 0.0, 5.3, 5.3, 2.2, 0.0, 0.0),
"LAU-10 5″ pods on VER                  ": (4.8, 5.5, 3.7, 5.4, 0.0, 5.7, 0.0, 0.0, 0.0, 0.0, 3.6, 5.9, 5.9, 0.0, 0.0, 0.0, 0.0, 4.3, 0.0, 4.5, 4.5, 3.7, 0.0, 0.0),
"LAU-61 2.75″ pods on VER               ": (5.5, 6.2, 4.4, 6.1, 0.0, 6.4, 0.0, 0.0, 0.0, 0.0, 4.3, 6.6, 6.6, 0.0, 0.0, 0.0, 0.0, 5.0, 0.0, 5.2, 5.2, 4.4, 0.0, 0.0),
"LAU-68 2.75″ pods on VER               ": (2.5, 3.2, 1.4, 3.1, 0.0, 3.4, 0.0, 0.0, 0.0, 0.0, 1.3, 3.6, 3.6, 0.0, 0.0, 0.0, 0.0, 2.0, 0.0, 2.2, 2.2, 1.4, 0.0, 0.0),
"Mk-82, BDU-45 or BLU-111 on VER        ": (3.0, 3.7, 1.9, 3.6, 0.0, 3.9, 0.0, 0.0, 0.0, 0.0, 1.8, 4.1, 4.1, 0.0, 0.0, 0.0, 0.0, 2.5, 0.0, 2.7, 2.7, 1.9, 0.0, 0.0),
"Mk-83 or BLU-110 on VER                ": (4.7, 5.4, 3.6, 5.3, 0.0, 5.6, 0.0, 0.0, 0.0, 0.0, 3.5, 5.8, 5.8, 0.0, 0.0, 0.0, 0.0, 4.2, 0.0, 4.4, 4.4, 3.6, 0.0, 0.0),
"BRU-42 ITER                            ": (0.0, 0.0, 0.0, 0.0, 0.0, 0.0, 0.0, 0.0, 0.0, 0.0, 0.0, 0.0, 0.0, 0.0, 0.0, 0.0, 0.0, 0.0, 0.0, 0.0, 0.0, 0.0, 0.0, 0.0),
"ADM-141 TADL on ITER                   ": (5.8, 5.7, 3.9, 5.6, 0.0, 5.9, 0.0, 0.0, 0.0, 0.0, 3.8, 6.1, 6.1, 0.0, 0.0, 0.0, 0.0, 4.5, 0.0, 5.5, 5.5, 3.9, 0.0, 0.0),
"BRU-41 IMER                            ": (0.0, 0.0, 0.0, 0.0, 0.0, 0.0, 0.0, 0.0, 0.0, 0.0, 0.0, 0.0, 0.0, 0.0, 0.0, 0.0, 0.0, 0.0, 0.0, 0.0, 0.0, 0.0, 0.0, 0.0),
"BDU-33 or Mk-76 on IMER                ": (0.0, 0.0, 0.0, 0.0, 0.0, 0.0, 0.0, 0.0, 0.0, 0.0, 0.0, 0.0, 0.0, 0.0, 0.0, 0.0, 0.0, 0.0, 0.0, 0.0, 0.0, 0.0, 0.0, 0.0),
"BDU-48 or Mk-106 IMER                  ": (0.0, 0.0, 0.0, 0.0, 0.0, 0.0, 0.0, 0.0, 0.0, 0.0, 0.0, 0.0, 0.0, 0.0, 0.0, 0.0, 0.0, 0.0, 0.0, 0.0, 0.0, 0.0, 0.0, 0.0),
"BDU-57, -59 & -60 LGTR on IMER         ": (0.0, 0.0, 0.0, 0.0, 0.0, 0.0, 0.0, 0.0, 0.0, 0.0, 0.0, 0.0, 0.0, 0.0, 0.0, 0.0, 0.0, 0.0, 0.0, 0.0, 0.0, 0.0, 0.0, 0.0)
}